0 0 1
0 1 1
1 0 1
1 1 1
2 32 1
2 33 1
4 16 1
4 17 1
5 16 1
5 17 1
8 8 1
8 9 1
9 8 1
9 9 1
10 40 1
10 41 1
16 4 1
16 5 1
17 4 1
17 5 1
18 36 1
18 37 1
20 20 1
20 21 1
21 20 1
21 21 1
32 2 1
33 2 1
34 34 1
36 18 1
37 18 1
40 10 1
41 10 1
42 42 1

1
1
1
0
1
1
0
0
1
1
1
0
0
0
0
0
1
1
1
0
1
1
0
0
0
0
0
0
0
0
0
0
1
1
1
0
1
1
0
0
1
1
1
0
0
0
0
0
0
0
0
0
0
0
0
0
0
0
0
0
0
0
0
0

0 4
1 4
2 2
4 4
5 4
8 4
9 4
10 2
16 4
17 4
18 2
20 4
21 4
32 2
33 2
34 1
36 2
37 2
40 2
41 2
42 1

0 0 2
0 1 2
1 0 2
1 1 2
2 2 2
4 4 2
4 5 2
5 4 2
5 5 2
8 8 2
8 9 2
9 8 2
9 9 2
10 10 2
16 16 2
16 17 2
17 16 2
17 17 2
18 18 2
20 20 2
20 21 2
21 20 2
21 21 2
32 32 1
32 33 1
33 32 1
33 33 1
34 34 1
36 36 1
36 37 1
37 36 1
37 37 1
40 40 1
40 41 1
41 40 1
41 41 1
42 42 1